!! Registers
A = 000000
X = 000032
L = 000032
PC = 00011E
SW = 030000
B = 000032
S = 000032
T = 000032
!! Memory
0x0:	00  00  00  00  00  00  00  00  
0x8:	00  00  00  00  00  00  00  00  
0x16:	00  00  00  00  00  00  00  00  
0x24:	00  00  00  00  00  00  00  00  
0x32:	00  00  00  00  00  00  00  00  
0x40:	00  00  00  00  00  00  00  00  
0x48:	00  00  00  00  00  00  00  00  
0x56:	00  00  00  00  00  00  00  00  
0x64:	00  00  00  00  00  00  00  00  
0x72:	00  00  00  00  00  00  00  00  
0x80:	00  00  00  00  00  00  00  00  
0x88:	00  00  00  00  00  00  00  00  
0x96:	00  00  00  00  00  00  00  00  
0x104:	00  00  00  00  00  00  00  00  
0x112:	00  00  00  00  00  00  00  00  
0x120:	00  00  00  00  00  00  00  00  
0x128:	00  00  00  00  00  00  00  00  
0x136:	00  00  00  00  00  00  00  00  
0x144:	00  00  00  00  00  00  00  00  
0x152:	00  00  00  00  00  00  00  00  
0x160:	00  00  00  00  00  00  00  00  
0x168:	00  00  00  00  00  00  00  00  
0x176:	00  00  00  00  00  00  00  00  
0x184:	00  00  00  00  00  00  00  00  
0x192:	00  00  00  00  00  00  00  00  
0x200:	00  00  00  00  00  00  00  00  
0x208:	00  00  00  00  00  00  00  00  
0x216:	00  00  00  00  00  00  00  00  
0x224:	00  00  00  00  00  00  00  00  
0x232:	00  00  00  00  00  00  00  00  
0x240:	00  00  00  00  00  00  00  00  
0x248:	00  00  00  00  00  00  00  00  
0x256:	00  00  00  00  00  00  00  00  
0x264:	00  00  00  00  00  00  00  00  
0x272:	00  00  00  00  00  00  00  00  
0x280:	00  00  00  00  00  64  00  00  
0x288:	00  00  00  00  00  00  00  00  
0x296:	00  00  00  00  00  00  00  00  
0x304:	00  00  00  00  00  00  00  00  
0x312:	00  00  00  00  00  00  00  00  
0x320:	00  00  00  00  00  00  00  00  
0x328:	00  00  00  00  00  00  00  00  
0x336:	00  00  00  00  00  00  00  00  
0x344:	00  00  00  00  00  00  00  00  
0x352:	00  00  00  00  00  00  00  00  
0x360:	00  00  00  00  00  00  00  00  
0x368:	00  00  00  00  00  00  00  00  
0x376:	00  00  00  00  00  00  00  00  
0x384:	00  00  00  00  00  00  00  00  
0x392:	00  00  00  00  00  00  00  00  
0x400:	00  00  00  00  00  00  00  00  
0x408:	00  00  00  00  00  00  00  00  
0x416:	00  00  00  00  00  00  00  00  
0x424:	00  00  00  00  00  00  00  00  
0x432:	00  00  00  00  00  00  00  00  
0x440:	00  00  00  00  00  00  00  00  
0x448:	00  00  00  00  00  00  00  00  
0x456:	00  00  00  00  00  00  00  00  
0x464:	00  00  00  00  00  00  00  00  
0x472:	00  00  00  00  00  00  00  00  
0x480:	00  00  00  00  00  00  00  00  
0x488:	00  00  00  00  00  00  00  00  
0x496:	00  00  00  00  00  00  00  00  
0x504:	00  00  00  00  00  00  00  00  
0x512:	00  00  00  00  00  00  00  00  
0x520:	00  00  00  00  00  00  00  00  
0x528:	00  00  00  00  00  00  00  00  
0x536:	00  00  00  00  00  00  00  00  
0x544:	00  00  00  00  00  00  00  00  
0x552:	00  00  00  00  00  00  00  00  
0x560:	00  00  00  00  00  00  00  00  
0x568:	00  00  00  00  00  00  00  00  
0x576:	00  00  00  00  00  00  00  00  
0x584:	00  00  00  00  00  00  00  00  
0x592:	00  00  00  00  00  00  00  00  
0x600:	00  00  00  00  00  00  00  00  
0x608:	00  00  00  00  00  00  00  00  
0x616:	00  00  00  00  00  00  00  00  
0x624:	00  00  00  00  00  00  00  00  
0x632:	00  00  00  00  00  00  00  00  
0x640:	00  00  00  00  00  00  00  00  
0x648:	00  00  00  00  00  00  00  00  
0x656:	00  00  00  00  00  00  00  00  
0x664:	00  00  00  00  00  00  00  00  
0x672:	00  00  00  00  00  00  00  00  
0x680:	00  00  00  00  00  00  00  00  
0x688:	00  00  00  00  00  00  00  00  
0x696:	00  00  00  00  00  00  00  00  
0x704:	00  00  00  00  00  00  00  00  
0x712:	00  00  00  00  00  00  00  00  
0x720:	00  00  00  00  00  00  00  00  
0x728:	00  00  00  00  00  00  00  00  
0x736:	00  00  00  00  00  00  00  00  
0x744:	00  00  00  00  00  00  00  00  
0x752:	00  00  00  00  00  00  00  00  
0x760:	00  00  00  00  00  00  00  00  
0x768:	00  00  00  00  00  00  00  00  
0x776:	00  00  00  00  00  00  00  00  
0x784:	00  00  00  00  00  00  00  00  
0x792:	00  00  00  00  00  00  00  00  
0x800:	00  00  00  00  00  00  00  00  
0x808:	00  00  00  00  00  00  00  00  
0x816:	00  00  00  00  00  00  00  00  
0x824:	00  00  00  00  00  00  00  00  
0x832:	00  00  00  00  00  00  00  00  
0x840:	00  00  00  00  00  00  00  00  
0x848:	00  00  00  00  00  00  00  00  
0x856:	00  00  00  00  00  00  00  00  
0x864:	00  00  00  00  00  00  00  00  
0x872:	00  00  00  00  00  00  00  00  
0x880:	00  00  00  00  00  00  00  00  
0x888:	00  00  00  00  00  00  00  00  
0x896:	00  00  00  00  00  00  00  00  
0x904:	00  00  00  00  00  00  00  00  
0x912:	00  00  00  00  00  00  00  00  
0x920:	00  00  00  00  00  00  00  00  
0x928:	00  00  00  00  00  00  00  00  
0x936:	00  00  00  00  00  00  00  00  
0x944:	00  00  00  00  00  00  00  00  
0x952:	00  00  00  00  00  00  00  00  
0x960:	00  00  00  00  00  00  00  00  
0x968:	00  00  00  00  00  00  00  00  
0x976:	00  00  00  00  00  00  00  00  
0x984:	00  00  00  00  00  00  00  00  
0x992:	00  00  00  00  00  00  00  00  
0x1000:	00  00  00  00  00  00  00  00  
0x1008:	00  00  00  00  00  00  00  00  
0x1016:	00  00  00  00  00  00  00  00  
0x1024:	00  00  00  00  00  00  00  00  
0x1032:	00  00  00  00  00  00  00  00  
0x1040:	00  00  00  00  00  00  00  00  
0x1048:	00  00  00  00  00  00  00  00  
0x1056:	00  00  00  00  00  00  00  00  
0x1064:	00  00  00  00  00  00  00  00  
0x1072:	00  00  00  00  00  00  00  00  
0x1080:	00  00  00  00  00  00  00  00  
0x1088:	00  00  00  00  00  00  00  00  
0x1096:	00  00  00  00  00  00  00  00  
0x1104:	00  00  00  00  00  00  00  00  
0x1112:	00  00  00  00  00  00  00  00  
0x1120:	00  00  00  00  00  00  00  00  
0x1128:	00  00  00  00  00  00  00  00  
0x1136:	00  00  00  00  00  00  00  00  
0x1144:	00  00  00  00  00  00  00  00  
0x1152:	00  00  00  00  00  00  00  00  
0x1160:	00  00  00  00  00  00  00  00  
0x1168:	00  00  00  00  00  00  00  00  
0x1176:	00  00  00  00  00  00  00  00  
0x1184:	00  00  00  00  00  00  00  00  
0x1192:	00  00  00  00  00  00  00  00  
0x1200:	00  00  00  00  00  00  00  00  
0x1208:	00  00  00  00  00  00  00  00  
0x1216:	00  00  00  00  00  00  00  00  
0x1224:	00  00  00  00  00  00  00  00  
0x1232:	00  00  00  00  00  00  00  00  
0x1240:	00  00  00  00  00  00  00  00  
0x1248:	00  00  00  00  00  00  00  00  
0x1256:	00  00  00  00  00  00  00  00  
0x1264:	00  00  00  00  00  00  00  00  
0x1272:	00  00  00  00  00  00  00  00  
0x1280:	00  00  00  00  00  00  00  00  
0x1288:	00  00  00  00  00  00  00  00  
0x1296:	00  00  00  00  00  00  00  00  
0x1304:	00  00  00  00  00  00  00  00  
0x1312:	00  00  00  00  00  00  00  00  
0x1320:	00  00  00  00  00  00  00  00  
0x1328:	00  00  00  00  00  00  00  00  
0x1336:	00  00  00  00  00  00  00  00  
0x1344:	00  00  00  00  00  00  00  00  
0x1352:	00  00  00  00  00  00  00  00  
0x1360:	00  00  00  00  00  00  00  00  
0x1368:	00  00  00  00  00  00  00  00  
0x1376:	00  00  00  00  00  00  00  00  
0x1384:	00  00  00  00  00  00  00  00  
0x1392:	00  00  00  00  00  00  00  00  
0x1400:	00  00  00  00  00  00  00  00  
0x1408:	00  00  00  00  00  00  00  00  
0x1416:	00  00  00  00  00  00  00  00  
0x1424:	00  00  00  00  00  00  00  00  
0x1432:	00  00  00  00  00  00  00  00  
0x1440:	00  00  00  00  00  00  00  00  
0x1448:	00  00  00  00  00  00  00  00  
0x1456:	00  00  00  00  00  00  00  00  
0x1464:	00  00  00  00  00  00  00  00  
0x1472:	00  00  00  00  00  00  00  00  
0x1480:	00  00  00  00  00  00  00  00  
0x1488:	00  00  00  00  00  00  00  00  
0x1496:	00  00  00  00  00  00  00  00  
0x1504:	00  00  00  00  00  00  00  00  
0x1512:	00  00  00  00  00  00  00  00  
0x1520:	00  00  00  00  00  00  00  00  
0x1528:	00  00  00  00  00  00  00  00  
0x1536:	00  00  00  00  00  00  00  00  
0x1544:	00  00  00  00  00  00  00  00  
0x1552:	00  00  00  00  00  00  00  00  
0x1560:	00  00  00  00  00  00  00  00  
0x1568:	00  00  00  00  00  00  00  00  
0x1576:	00  00  00  00  00  00  00  00  
0x1584:	00  00  00  00  00  00  00  00  
0x1592:	00  00  00  00  00  00  00  00  
0x1600:	00  00  00  00  00  00  00  00  
0x1608:	00  00  00  00  00  00  00  00  
0x1616:	00  00  00  00  00  00  00  00  
0x1624:	00  00  00  00  00  00  00  00  
0x1632:	00  00  00  00  00  00  00  00  
0x1640:	00  00  00  00  00  00  00  00  
0x1648:	00  00  00  00  00  00  00  00  
0x1656:	00  00  00  00  00  00  00  00  
0x1664:	00  00  00  00  00  00  00  00  
0x1672:	00  00  00  00  00  00  00  00  
0x1680:	00  00  00  00  00  00  00  00  
0x1688:	00  00  00  00  00  00  00  00  
0x1696:	00  00  00  00  00  00  00  00  
0x1704:	00  00  00  00  00  00  00  00  
0x1712:	00  00  00  00  00  00  00  00  
0x1720:	00  00  00  00  00  00  00  00  
0x1728:	00  00  00  00  00  00  00  00  
0x1736:	00  00  00  00  00  00  00  00  
0x1744:	00  00  00  00  00  00  00  00  
0x1752:	00  00  00  00  00  00  00  00  
0x1760:	00  00  00  00  00  00  00  00  
0x1768:	00  00  00  00  00  00  00  00  
0x1776:	00  00  00  00  00  00  00  00  
0x1784:	00  00  00  00  00  00  00  00  
0x1792:	00  00  00  00  00  00  00  00  
0x1800:	00  00  00  00  00  00  00  00  
0x1808:	00  00  00  00  00  00  00  00  
0x1816:	00  00  00  00  00  00  00  00  
0x1824:	00  00  00  00  00  00  00  00  
0x1832:	00  00  00  00  00  00  00  00  
0x1840:	00  00  00  00  00  00  00  00  
0x1848:	00  00  00  00  00  00  00  00  
0x1856:	00  00  00  00  00  00  00  00  
0x1864:	00  00  00  00  00  00  00  00  
0x1872:	00  00  00  00  00  00  00  00  
0x1880:	00  00  00  00  00  00  00  00  
0x1888:	00  00  00  00  00  00  00  00  
0x1896:	00  00  00  00  00  00  00  00  
0x1904:	00  00  00  00  00  00  00  00  
0x1912:	00  00  00  00  00  00  00  00  
0x1920:	00  00  00  00  00  00  00  00  
0x1928:	00  00  00  00  00  00  00  00  
0x1936:	00  00  00  00  00  00  00  00  
0x1944:	00  00  00  00  00  00  00  00  
0x1952:	00  00  00  00  00  00  00  00  
0x1960:	00  00  00  00  00  00  00  00  
0x1968:	00  00  00  00  00  00  00  00  
0x1976:	00  00  00  00  00  00  00  00  
0x1984:	00  00  00  00  00  00  00  00  
0x1992:	00  00  00  00  00  00  00  00  
0x2000:	00  00  00  00  00  00  00  00  
0x2008:	00  00  00  00  00  00  00  00  
0x2016:	00  00  00  00  00  00  00  00  
0x2024:	00  00  00  00  00  00  00  00  
0x2032:	00  00  00  00  00  00  00  00  
0x2040:	00  00  00  00  00  00  00  00  
!! I/O '05'
RENEWABLE ENERGY IS .....
